image: image.pgm
resolution: 0.050000
origin: [-8.900000, -9.375000, 0.000000]
negate: 0
occupied_thresh: 0.65
free_thresh: 0.196

